validity: [0.3058103975535168, 81.50887573964496, 15.12481644640235, 0.0, 35.901162790697676]
validity mean and std: ('26.568133074859702', '30.437199053738187')
proximity: [67.67564010620117, 67.43686090320512, 67.8565156066302, 0, 67.12710240784926]
proximity mean and std: ('54.019223804777155', '27.010717716699116')
time: [0.9369986057281494, 0.9576063752174377, 0.9680744647979737, 0.9556329250335693, 0.9607324123382568, 0.960733699798584]
